   1.1711709e-04
   1.1850606e-04
   1.3134258e-04
   1.4623951e-04
   1.5017760e-04
   1.5194446e-04
   1.5194446e-04
   1.6635321e-04
   1.8033478e-04
   1.8033478e-04
   1.8429716e-04
   1.8552865e-04
   1.8624713e-04
   1.9158664e-04
   1.9958109e-04
   2.0137857e-04
   2.0900921e-04
   2.1813450e-04
   2.3828983e-04
   2.3828983e-04
   2.3828983e-04
   2.3927869e-04
   2.4849207e-04
   2.6338647e-04
   2.6641973e-04
   2.6655540e-04
   2.6977075e-04
   2.7024255e-04
   2.8026323e-04
   2.9289329e-04
   2.9289329e-04
   2.9289329e-04
   3.1418475e-04
   3.1588430e-04
   3.2699470e-04
   3.2699470e-04
   3.2855997e-04
   3.4154628e-04
   3.4154628e-04
   3.5449162e-04
   3.5449162e-04
   3.6750440e-04
   3.6750440e-04
   3.6750440e-04
   3.8050608e-04
   3.8266580e-04
   3.8301448e-04
   3.8926141e-04
   3.8926141e-04
   4.0262891e-04
   4.2180463e-04
   4.2512622e-04
   4.2512622e-04
   4.4908132e-04
   4.4908132e-04
   4.4908132e-04
   4.5273501e-04
   4.5273501e-04
   4.7871175e-04
   5.1575024e-04
   5.3184368e-04
   5.3184368e-04
   5.3184368e-04
   5.4970499e-04
   5.5440926e-04
   5.6214217e-04
   5.8434677e-04
   5.8434677e-04
   6.1355268e-04
   6.2535589e-04
   6.3731726e-04
   6.3731726e-04
   6.6439571e-04
   6.6439571e-04
   6.6439571e-04
   6.6439571e-04
   6.9919234e-04
   7.2647339e-04
   7.3460371e-04
   7.5919456e-04
   7.8406597e-04
   7.9719790e-04
   8.1160978e-04
   8.3251421e-04
   8.6259309e-04
   8.6259309e-04
   9.0525040e-04
   9.4085544e-04
   9.4294827e-04
   1.0191556e-03
   1.1309570e-03
   1.1309570e-03
   1.1510639e-03
   1.2518832e-03
   1.3335385e-03
   1.4632363e-03
   1.5370262e-03
   1.5843834e-03
   1.7989044e-03
   1.8717059e-03
   1.9603520e-03
   1.9698743e-03
   2.0883941e-03
   2.0883941e-03
   2.2340472e-03
   2.2340472e-03
   2.4198490e-03
   2.4198490e-03
   2.4494997e-03
   2.4707484e-03
   2.5855986e-03
   2.5855986e-03
   2.7849969e-03
   2.7849969e-03
   2.7849969e-03
   2.7849969e-03
   2.8434586e-03
   2.8804393e-03
   2.9807403e-03
   3.1493111e-03
   3.3285382e-03
   3.3285382e-03
   3.3357754e-03
   3.3531717e-03
   3.4626952e-03
   3.4626952e-03
   3.4626952e-03
   3.8316497e-03
   3.8919608e-03
   4.0040713e-03
   4.3112070e-03
   4.6246970e-03
   5.0083983e-03
   5.5346517e-03
   5.6897839e-03
   6.9424704e-03
   7.0939906e-03
   7.5113016e-03
   7.5113016e-03
   7.5667048e-03
   7.5706296e-03
   8.9708809e-03
   8.9708809e-03
   9.1498099e-03
   9.3547729e-03
   9.3547729e-03
   9.8155567e-03
   1.0376504e-02
   1.0376504e-02
   1.0376504e-02
   1.1121704e-02
   1.2814798e-02
   1.2814798e-02
   1.2814798e-02
   1.2814798e-02
   1.2814798e-02
   1.2916060e-02
   1.2916060e-02
   1.3394645e-02
   1.5144665e-02
   1.5144665e-02
   1.6644313e-02
   1.6644313e-02
   1.7351276e-02
   1.9629148e-02
   1.9629148e-02
   2.0273649e-02
   2.1816488e-02
   2.1816488e-02
   2.1816488e-02
   2.2069473e-02
   2.2225465e-02
   2.3155167e-02
   2.3847965e-02
   2.3847965e-02
   2.5630899e-02
   2.6051924e-02
   2.6051924e-02
   2.6336758e-02
   2.7025182e-02
   2.7368555e-02
   2.7816321e-02
   2.8205581e-02
   2.9915045e-02
   2.9915045e-02
   2.9915045e-02
   2.9915045e-02
   2.9915045e-02
   2.9915045e-02
   3.0912943e-02
   3.2291869e-02
   3.4316799e-02
   3.5393302e-02
   3.7920616e-02
   3.7920616e-02
   3.8385818e-02
   3.8385818e-02
   3.8385818e-02
   3.8871115e-02
   3.9792371e-02
   4.0528925e-02
   4.0528925e-02
   4.1636963e-02
   4.5115021e-02
   4.5115021e-02
   4.5115021e-02
   4.5115021e-02
   4.7397168e-02
   4.7397168e-02
   4.7397168e-02
   4.7910409e-02
   4.7910409e-02
   4.9700686e-02
   4.9839434e-02
   5.1634759e-02
   5.1634759e-02
   5.2787902e-02
   5.5035830e-02
   5.5141473e-02
   5.5739937e-02
   5.9136234e-02
   5.9541169e-02
   6.0455196e-02
   6.0455196e-02
   6.2472601e-02
   6.2472601e-02
   6.3646796e-02
   6.5516849e-02
   6.5844040e-02
   6.7651639e-02
   6.9448116e-02
   7.2193921e-02
   7.2193921e-02
   7.7296567e-02
   8.2968787e-02
   8.2968787e-02
   8.2968787e-02
   8.2968787e-02
   8.2968787e-02
   8.4911211e-02
   8.4911211e-02
   8.4911211e-02
   8.5427933e-02
   8.7596474e-02
   8.9040344e-02
   8.9201598e-02
   9.2090328e-02
   9.3582833e-02
   9.5526750e-02
   9.7253217e-02
   9.7253217e-02
   9.8807172e-02
   1.0192633e-01
   1.0192633e-01
   1.0236148e-01
   1.0276830e-01
   1.0360482e-01
   1.0774513e-01
   1.0774513e-01
   1.0774513e-01
   1.0774513e-01
   1.0800393e-01
   1.1032920e-01
   1.1098617e-01
   1.1142617e-01
   1.1285960e-01
   1.1434941e-01
   1.1506126e-01
   1.1587268e-01
   1.1587268e-01
   1.1611684e-01
   1.1880956e-01
   1.2005785e-01
   1.2397701e-01
   1.2397701e-01
   1.2420426e-01
   1.2420426e-01
   1.2561453e-01
   1.3026134e-01
   1.3101096e-01
   1.3168609e-01
   1.3201132e-01
   1.3201132e-01
   1.3325542e-01
   1.3977620e-01
   1.3977620e-01
   1.3977620e-01
   1.4007424e-01
   1.4007424e-01
   1.4007424e-01
   1.4045002e-01
   1.4045002e-01
   1.4045002e-01
   1.4058667e-01
   1.4198301e-01
   1.4198301e-01
   1.4409350e-01
   1.4475833e-01
   1.4573283e-01
   1.4775902e-01
   1.4775902e-01
   1.4775902e-01
   1.4930253e-01
   1.5006899e-01
   1.5099709e-01
   1.5099709e-01
   1.5116548e-01
   1.5209479e-01
   1.5240061e-01
   1.5311319e-01
   1.5493126e-01
   1.5493126e-01
   1.5791495e-01
   1.5791495e-01
   1.5791495e-01
   1.5791495e-01
   1.5824543e-01
   1.5824543e-01
   1.5883586e-01
   1.5992904e-01
   1.6031949e-01
   1.6047559e-01
   1.6092051e-01
   1.6241860e-01
   1.6288233e-01
   1.6339585e-01
   1.6339585e-01
   1.6348071e-01
   1.6348071e-01
   1.6355236e-01
   1.6583223e-01
   1.6688685e-01
   1.6746060e-01
   1.6777687e-01
   1.6852238e-01
   1.7029147e-01
   1.7029147e-01
   1.7029147e-01
   1.7085696e-01
   1.7089340e-01
   1.7183487e-01
   1.7188380e-01
   1.7369890e-01
   1.7369890e-01
   1.7369890e-01
   1.7369890e-01
   1.7369890e-01
   1.7390140e-01
   1.7596585e-01
   1.7596585e-01
   1.7596585e-01
   1.7611347e-01
   1.7753658e-01
   1.7755300e-01
   1.7755300e-01
   1.7755300e-01
   1.7945109e-01
   1.7945109e-01
   1.7945109e-01
   1.7945109e-01
   1.7945109e-01
   1.7945109e-01
   1.7956884e-01
   1.7957778e-01
   1.7972574e-01
   1.7972574e-01
   1.7972574e-01
   1.8003548e-01
   1.8102786e-01
   1.8102786e-01
   1.8131202e-01
   1.8178893e-01
   1.8195163e-01
   1.8278278e-01
   1.8368266e-01
   1.8368266e-01
   1.8368266e-01
   1.8368266e-01
   1.8368266e-01
   1.8416942e-01
   1.8416942e-01
   1.8424186e-01
   1.8424186e-01
   1.8426341e-01
   1.8459615e-01
   1.8484542e-01
   1.8484542e-01
   1.8484542e-01
   1.8526920e-01
   1.8535140e-01
   1.8581302e-01
   1.8704720e-01
   1.8835349e-01
   1.8835349e-01
   1.8869407e-01
   1.8961791e-01
   1.8984491e-01
   1.9227923e-01
   1.9393949e-01
   1.9751511e-01
   2.0168805e-01
   2.0374488e-01
   2.0721873e-01
   2.0968687e-01
   2.1002081e-01
   2.1777397e-01
   2.2886079e-01
   2.5236055e-01
   2.5692879e-01
   2.5928523e-01
   2.5928523e-01
   2.6049314e-01
   2.6073921e-01
   2.6104911e-01
   2.6104911e-01
   2.6255679e-01
   2.6255679e-01
   2.6398911e-01
   2.6682264e-01
   2.6682264e-01
   2.6753970e-01
   2.6753970e-01
   2.6753970e-01
   2.7095846e-01
   2.7886802e-01
   2.8803266e-01
   2.8951116e-01
   3.0766881e-01
   3.2786064e-01
   3.6742254e-01
   3.7648108e-01
   3.7648108e-01
   3.7648108e-01
   3.7648108e-01
   3.7848717e-01
   3.8088561e-01
   3.8088561e-01
   3.8492586e-01
   3.8492586e-01
   3.8492586e-01
   3.8540296e-01
   3.8570876e-01
   3.9043979e-01
   3.9064044e-01
   3.9064044e-01
   3.9309490e-01
   3.9309490e-01
   3.9309490e-01
   3.9309490e-01
   3.9337761e-01
   3.9337761e-01
   3.9337761e-01
   3.9337761e-01
   3.9555008e-01
   3.9758515e-01
   3.9897625e-01
   3.9897625e-01
   4.0159184e-01
   4.0159184e-01
   4.0159184e-01
   4.0159184e-01
   4.0186031e-01
   4.0187370e-01
   4.0187370e-01
   4.0187370e-01
   4.0256134e-01
   4.0338029e-01
   4.0355031e-01
   4.0355031e-01
   4.0355953e-01
   4.0383595e-01
   4.0506800e-01
   4.0577875e-01
   4.0596051e-01
   4.0686743e-01
   4.0686743e-01
   4.0732442e-01
   4.0732442e-01
   4.0750072e-01
   4.0750072e-01
   4.0782402e-01
   4.0823134e-01
   4.0971939e-01
   4.0971939e-01
   4.1056594e-01
   4.1056594e-01
   4.1056594e-01
   4.1056594e-01
   4.1056594e-01
   4.1056594e-01
   4.1056594e-01
   4.1110946e-01
   4.1132023e-01
   4.1132023e-01
   4.1132023e-01
   4.1153335e-01
   4.1201008e-01
   4.1201008e-01
   4.1209420e-01
   4.1215623e-01
   4.1215623e-01
   4.1224705e-01
   4.1274576e-01
   4.1318750e-01
   4.1366632e-01
   4.1366632e-01
   4.1366632e-01
   4.1366632e-01
   4.1391944e-01
   4.1421827e-01
   4.1421827e-01
   4.1421827e-01
   4.1421827e-01
   4.1449973e-01
   4.1457352e-01
   4.1460607e-01
   4.1460607e-01
   4.1465393e-01
   4.1498312e-01
   4.1499483e-01
   4.1522883e-01
   4.1562158e-01
   4.1601165e-01
   4.1669250e-01
   4.1669250e-01
   4.1738136e-01
   4.1761756e-01
   4.1761756e-01
   4.1801512e-01
   4.1802459e-01
   4.1802459e-01
   4.1802459e-01
   4.1802919e-01
   4.1802919e-01
   4.1809195e-01
   4.1809195e-01
   4.1822169e-01
   4.1822169e-01
   4.1822169e-01
   4.1847229e-01
   4.1887150e-01
   4.1887150e-01
   4.1888475e-01
   4.1888475e-01
   4.1902434e-01
   4.1932958e-01
   4.1932958e-01
   4.1932958e-01
   4.1940261e-01
   4.1946379e-01
   4.1946379e-01
   4.1976691e-01
   4.2021590e-01
   4.2045653e-01
   4.2045653e-01
   4.2047542e-01
   4.2047542e-01
   4.2053375e-01
   4.2053375e-01
   4.2056345e-01
   4.2063301e-01
   4.2067758e-01
   4.2073978e-01
   4.2073978e-01
   4.2103497e-01
   4.2111280e-01
   4.2111280e-01
   4.2111280e-01
   4.2122010e-01
   4.2124839e-01
   4.2128876e-01
   4.2168758e-01
   4.2192813e-01
   4.2208504e-01
   4.2223457e-01
   4.2252653e-01
   4.2266003e-01
   4.2334351e-01
   4.2353012e-01
   4.2425630e-01
   4.2530011e-01
   4.2877152e-01
   4.3170835e-01
   4.3730049e-01
   4.4467350e-01
   4.6301413e-01
   4.8093141e-01
   4.9829744e-01
   5.2870041e-01
   5.9110594e-01
   7.0270703e-01
   8.4997937e-01
   8.9401507e-01
   8.9401507e-01
   8.9401507e-01
   8.9405546e-01
   8.9405546e-01
   8.9405546e-01
   8.9405546e-01
   8.9420872e-01
   8.9788429e-01
   8.9788429e-01
   8.9788429e-01
   8.9788429e-01
   9.0038238e-01
   9.0038238e-01
   9.0038238e-01
   9.0038238e-01
   9.0077369e-01
   9.0077369e-01
   9.0110260e-01
   9.0110260e-01
   9.0168781e-01
   9.0168781e-01
   9.0266772e-01
   9.0266772e-01
   9.0404947e-01
   9.0404947e-01
   9.0404947e-01
   9.0404947e-01
   9.0404947e-01
   9.0476044e-01
   9.0501279e-01
   9.0539065e-01
   9.0539065e-01
   9.0586539e-01
   9.0586539e-01
   9.0611438e-01
   9.0622749e-01
   9.0622749e-01
   9.0635237e-01
   9.0657979e-01
   9.0657979e-01
   9.0674468e-01
   9.0674468e-01
   9.0731379e-01
   9.0798331e-01
   9.0896141e-01
   9.0980126e-01
   9.1041690e-01
   9.1046900e-01
   9.1113888e-01
   9.1176765e-01
   9.1176765e-01
   9.1186427e-01
   9.1186427e-01
   9.1212014e-01
   9.1247838e-01
   9.1253641e-01
   9.1271690e-01
   9.1365310e-01
   9.1365310e-01
   9.1365310e-01
   9.1365310e-01
   9.1376853e-01
   9.1376853e-01
   9.1376853e-01
   9.1390834e-01
   9.1432749e-01
   9.1432749e-01
   9.1432749e-01
   9.1441271e-01
   9.1448647e-01
   9.1448647e-01
   9.1448647e-01
   9.1475507e-01
   9.1475507e-01
   9.1475507e-01
   9.1475507e-01
   9.1496874e-01
   9.1496874e-01
   9.1509577e-01
   9.1511445e-01
   9.1533172e-01
   9.1563900e-01
   9.1567712e-01
   9.1594599e-01
   9.1611374e-01
   9.1611374e-01
   9.1624334e-01
   9.1631698e-01
   9.1669036e-01
   9.1685517e-01
   9.1686600e-01
   9.1723660e-01
   9.1723660e-01
   9.1727940e-01
   9.1729207e-01
   9.1796354e-01
   9.1834520e-01
   9.1857424e-01
   9.1857424e-01
   9.1857424e-01
   9.1857424e-01
   9.1857424e-01
   9.1893607e-01
   9.1893607e-01
   9.1893607e-01
   9.1931936e-01
   9.1931936e-01
   9.1931936e-01
   9.1931936e-01
   9.1961876e-01
   9.2002776e-01
   9.2002776e-01
   9.2002776e-01
   9.2007457e-01
   9.2007457e-01
   9.2007457e-01
   9.2007457e-01
   9.2007457e-01
   9.2008253e-01
   9.2012614e-01
   9.2018596e-01
   9.2025650e-01
   9.2025650e-01
   9.2026406e-01
   9.2026406e-01
   9.2026406e-01
   9.2026406e-01
   9.2035848e-01
   9.2035848e-01
   9.2035848e-01
   9.2040883e-01
   9.2040883e-01
   9.2047521e-01
   9.2049286e-01
   9.2049286e-01
   9.2053547e-01
   9.2071564e-01
   9.2098832e-01
   9.2121646e-01
   9.2166771e-01
   9.2171070e-01
   9.2185421e-01
   9.2220417e-01
   9.2259806e-01
   9.2296015e-01
   9.2397425e-01
   9.2453729e-01
   9.2574409e-01
   9.2758808e-01
   9.2758808e-01
   9.3007198e-01
   9.3121254e-01
   9.3171220e-01
   9.3229715e-01
   9.3261604e-01
   9.3425081e-01
   9.3603137e-01
   9.3875510e-01
   9.3884462e-01
   9.4167612e-01
   9.4335567e-01
   9.4335567e-01
   9.4611252e-01
   9.5323987e-01
   9.5918327e-01
   9.6687054e-01
   9.6919950e-01
   9.7318734e-01
   9.7593343e-01
   9.7593343e-01
   9.7611998e-01
   9.7670844e-01
   9.7670844e-01
   9.7670844e-01
   9.7698238e-01
   9.7698238e-01
   9.7698238e-01
   9.7698238e-01
   9.7698238e-01
   9.7728542e-01
   9.7728542e-01
   9.7728542e-01
   9.7728542e-01
   9.7728542e-01
   9.7735868e-01
   9.7735868e-01
   9.7735868e-01
   9.7739230e-01
   9.7739230e-01
   9.7747575e-01
   9.7759749e-01
   9.7759749e-01
   9.7759749e-01
   9.7769648e-01
   9.7769648e-01
   9.7769648e-01
   9.7771704e-01
   9.7780194e-01
   9.7808691e-01
   9.7830508e-01
   9.7830508e-01
   9.7830508e-01
   9.7830508e-01
   9.7833794e-01
   9.7833794e-01
   9.7834198e-01
   9.7842316e-01
   9.7843946e-01
   9.7848238e-01
   9.7856456e-01
   9.7871560e-01
   9.7881072e-01
   9.7881072e-01
   9.7892889e-01
   9.7892889e-01
   9.7896910e-01
   9.7896910e-01
   9.7899347e-01
   9.7908210e-01
   9.7908210e-01
   9.7908210e-01
   9.7908210e-01
   9.7908210e-01
   9.7908210e-01
   9.7908210e-01
   9.7908210e-01
   9.7910658e-01
   9.7913267e-01
   9.7925766e-01
   9.7925766e-01
   9.7925766e-01
   9.7925766e-01
   9.7926980e-01
   9.7926980e-01
   9.7926980e-01
   9.7926980e-01
   9.7927736e-01
   9.7930588e-01
   9.7931751e-01
   9.7934393e-01
   9.7941471e-01
   9.7941471e-01
   9.7945064e-01
   9.7945064e-01
   9.7948578e-01
   9.7948578e-01
   9.7948578e-01
   9.7957371e-01
   9.7957371e-01
   9.7960390e-01
   9.7960390e-01
   9.7962954e-01
   9.7962954e-01
   9.7962954e-01
   9.7964170e-01
   9.7966570e-01
   9.7966570e-01
   9.7968987e-01
   9.7969843e-01
   9.7970676e-01
   9.7970676e-01
   9.7971234e-01
   9.7971471e-01
   9.7971741e-01
   9.7977416e-01
   9.7977416e-01
   9.7977416e-01
   9.7978998e-01
   9.7979614e-01
   9.7981207e-01
   9.7981207e-01
   9.7981207e-01
   9.7981207e-01
   9.7981759e-01
   9.7981759e-01
   9.7982752e-01
   9.7984489e-01
   9.7986499e-01
   9.7986499e-01
   9.7986823e-01
   9.7988306e-01
   9.7988306e-01
   9.7988419e-01
   9.7988419e-01
   9.7990964e-01
   9.7990964e-01
   9.7990964e-01
   9.7996203e-01
   9.7999826e-01
   9.8008399e-01
   9.8008399e-01
   9.8015433e-01
   9.8028496e-01
   9.8058362e-01
   9.8087087e-01
   9.8147388e-01
   9.8215823e-01
   9.8270722e-01
   9.8274333e-01
   9.8366541e-01
   9.8516258e-01
   9.8516258e-01
   9.8550967e-01
   9.8550967e-01
   9.8550967e-01
   9.8552109e-01
   9.8552109e-01
   9.8552109e-01
   9.8554139e-01
   9.8554139e-01
   9.8554521e-01
   9.8558535e-01
   9.8558535e-01
   9.8558535e-01
   9.8558535e-01
   9.8559186e-01
   9.8559186e-01
   9.8559186e-01
   9.8559789e-01
   9.8559789e-01
   9.8559789e-01
   9.8559789e-01
   9.8559789e-01
   9.8559789e-01
   9.8559789e-01
   9.8559789e-01
   9.8559972e-01
   9.8560181e-01
   9.8560181e-01
   9.8560609e-01
   9.8560609e-01
   9.8561162e-01
   9.8561222e-01
   9.8562257e-01
   9.8562257e-01
   9.8562485e-01
   9.8563205e-01
   9.8563205e-01
   9.8563205e-01
   9.8563205e-01
   9.8563740e-01
   9.8563740e-01
   9.8563740e-01
   9.8564009e-01
   9.8564719e-01
   9.8564719e-01
   9.8565720e-01
   9.8565720e-01
   9.8565741e-01
   9.8565748e-01
   9.8566075e-01
   9.8566101e-01
   9.8566101e-01
   9.8566591e-01
   9.8566864e-01
   9.8567722e-01
   9.8568125e-01
   9.8568125e-01
   9.8568209e-01
   9.8569097e-01
   9.8569097e-01
   9.8569320e-01
   9.8569320e-01
   9.8569468e-01
   9.8569468e-01
   9.8569999e-01
   9.8570120e-01
   9.8570346e-01
   9.8570389e-01
   9.8570389e-01
   9.8570813e-01
   9.8570869e-01
   9.8570869e-01
   9.8571291e-01
   9.8571678e-01
   9.8571678e-01
   9.8571678e-01
   9.8571979e-01
   9.8572080e-01
   9.8572907e-01
   9.8573888e-01
   9.8574271e-01
   9.8575799e-01
   9.8577226e-01
   9.8578996e-01
   9.8580589e-01
   9.8582244e-01
   9.8585931e-01
   9.8585931e-01
   9.8586392e-01
   9.8587865e-01
   9.8587865e-01
   9.8589008e-01
   9.8589833e-01
   9.8589883e-01
   9.8590900e-01
   9.8592529e-01
   9.8593915e-01
   9.8599085e-01
   9.8602408e-01
   9.8611994e-01
   9.8622906e-01
   9.8622906e-01
   9.8630402e-01
   9.8649048e-01
   9.8687262e-01
   9.8703591e-01
   9.8710570e-01
   9.8710570e-01
   9.8718198e-01
   9.8718198e-01
   9.8718198e-01
   9.8718198e-01
   9.8718198e-01
   9.8718198e-01
   9.8718198e-01
   9.8719842e-01
   9.8720272e-01
   9.8720272e-01
   9.8720272e-01
   9.8720272e-01
   9.8720272e-01
   9.8720495e-01
   9.8720740e-01
   9.8720992e-01
   9.8723011e-01
   9.8724407e-01
   9.8729388e-01
   9.8731085e-01
   9.8736533e-01
   9.8739403e-01
   9.8739403e-01
   9.8739403e-01
   9.8742642e-01
   9.8742642e-01
   9.8743235e-01
   9.8743235e-01
   9.8743899e-01
   9.8743899e-01
   9.8743899e-01
   9.8744176e-01
   9.8745390e-01
   9.8745390e-01
   9.8745390e-01
   9.8745628e-01
   9.8745628e-01
   9.8746214e-01
   9.8746399e-01
   9.8746399e-01
   9.8746564e-01
   9.8747130e-01
   9.8749131e-01
   9.8749498e-01
   9.8749498e-01
   9.8749498e-01
   9.8750981e-01
   9.8752304e-01
   9.8753370e-01
   9.8754452e-01
   9.8757993e-01
   9.8761757e-01
   9.8765608e-01
   9.8773310e-01
   9.8782717e-01
   9.8794648e-01
   9.8811130e-01
   9.8839392e-01
   9.8866821e-01
   9.8906689e-01
   9.8956488e-01
   9.9037079e-01
   9.9181473e-01
   9.9331452e-01
   9.9562895e-01
   9.9824697e-01
   1.0012180e+00
   1.0025623e+00
   1.0032231e+00
   1.0032231e+00
   1.0032231e+00
   1.0033222e+00
   1.0033538e+00
   1.0033538e+00
   1.0033538e+00
   1.0033538e+00
   1.0033538e+00
   1.0033538e+00
   1.0033538e+00
   1.0033538e+00
   1.0033538e+00
   1.0033551e+00
   1.0033551e+00
   1.0033551e+00
   1.0033551e+00
   1.0033551e+00
   1.0033564e+00
   1.0033564e+00
   1.0033564e+00
   1.0033666e+00
   1.0033666e+00
   1.0033666e+00
   1.0033666e+00
   1.0033666e+00
   1.0033744e+00
   1.0033744e+00
   1.0033820e+00
   1.0033820e+00
   1.0033820e+00
   1.0033820e+00
   1.0033820e+00
   1.0033820e+00
   1.0033820e+00
   1.0033820e+00
   1.0033820e+00
   1.0033820e+00
   1.0033828e+00
   1.0033828e+00
   1.0033840e+00
   1.0033868e+00
   1.0033874e+00
   1.0033930e+00
   1.0033993e+00
   1.0034042e+00
   1.0034059e+00
   1.0034097e+00
   1.0034097e+00
   1.0034163e+00
   1.0034163e+00
   1.0034163e+00
   1.0034186e+00
   1.0034186e+00
   1.0034243e+00
   1.0034243e+00
   1.0034266e+00
   1.0034306e+00
   1.0034306e+00
   1.0034306e+00
   1.0034318e+00
   1.0034318e+00
   1.0034318e+00
   1.0034354e+00
   1.0034371e+00
   1.0034371e+00
   1.0034380e+00
   1.0034388e+00
   1.0034404e+00
   1.0034415e+00
   1.0034448e+00
   1.0034520e+00
   1.0034550e+00
   1.0034566e+00
   1.0034598e+00
   1.0034856e+00
   1.0035048e+00
   1.0035307e+00
   1.0035529e+00
   1.0036101e+00
   1.0036674e+00
   1.0036705e+00
   1.0036781e+00
   1.0036781e+00
   1.0036781e+00
   1.0036790e+00
   1.0036790e+00
   1.0036790e+00
   1.0036819e+00
   1.0036835e+00
   1.0036835e+00
   1.0036835e+00
   1.0036835e+00
   1.0036842e+00
   1.0036843e+00
   1.0036866e+00
   1.0036874e+00
   1.0036874e+00
   1.0036896e+00
   1.0036896e+00
   1.0036896e+00
   1.0036896e+00
   1.0036920e+00
   1.0036945e+00
   1.0036959e+00
   1.0036993e+00
   1.0037053e+00
   1.0037053e+00
   1.0037062e+00
   1.0037067e+00
   1.0037093e+00
   1.0037125e+00
   1.0037125e+00
   1.0037148e+00
   1.0037155e+00
   1.0037186e+00
   1.0037217e+00
   1.0037231e+00
   1.0037274e+00
   1.0037317e+00
   1.0037360e+00
   1.0037360e+00
   1.0037392e+00
   1.0037502e+00
   1.0037502e+00
   1.0037502e+00
   1.0037584e+00
   1.0037672e+00
   1.0037882e+00
   1.0038002e+00
   1.0038254e+00
   1.0038288e+00
   1.0038288e+00
   1.0038288e+00
   1.0038290e+00
   1.0038290e+00
   1.0038290e+00
   1.0038317e+00
   1.0038317e+00
   1.0038317e+00
   1.0038317e+00
   1.0038317e+00
   1.0038317e+00
   1.0038317e+00
   1.0038328e+00
   1.0038328e+00
   1.0038328e+00
   1.0038328e+00
   1.0038422e+00
   1.0038423e+00
   1.0038431e+00
   1.0038434e+00
   1.0038434e+00
   1.0038434e+00
   1.0038434e+00
   1.0038439e+00
   1.0038443e+00
   1.0038443e+00
   1.0038450e+00
   1.0038466e+00
   1.0038467e+00
   1.0038477e+00
   1.0038488e+00
   1.0038494e+00
   1.0038494e+00
   1.0038494e+00
   1.0038503e+00
   1.0038510e+00
   1.0038510e+00
   1.0038522e+00
   1.0038530e+00
   1.0038533e+00
   1.0038576e+00
   1.0038576e+00
   1.0038594e+00
   1.0038594e+00
   1.0038598e+00
   1.0038625e+00
   1.0038625e+00
   1.0038625e+00
   1.0038643e+00
   1.0038668e+00
   1.0038669e+00
   1.0038669e+00
   1.0038669e+00
   1.0038669e+00
   1.0038682e+00
   1.0038684e+00
   1.0038684e+00
   1.0038704e+00
   1.0038704e+00
   1.0038704e+00
   1.0038704e+00
   1.0038707e+00
   1.0038716e+00
   1.0038730e+00
   1.0038745e+00
   1.0038745e+00
   1.0038745e+00
   1.0038745e+00
   1.0038745e+00
   1.0038752e+00
   1.0038753e+00
   1.0038753e+00
   1.0038753e+00
   1.0038760e+00
   1.0038762e+00
   1.0038767e+00
   1.0038777e+00
   1.0038777e+00
   1.0038777e+00
   1.0038777e+00
   1.0038781e+00
   1.0038784e+00
   1.0038785e+00
   1.0038799e+00
   1.0038819e+00
   1.0038845e+00
   1.0038869e+00
   1.0038901e+00
   1.0038961e+00
   1.0039076e+00
   1.0039198e+00
   1.0039420e+00
   1.0039508e+00
   1.0039569e+00
   1.0039569e+00
   1.0039569e+00
   1.0039569e+00
   1.0039569e+00
   1.0039571e+00
   1.0039573e+00
   1.0039573e+00
   1.0039580e+00
   1.0039580e+00
   1.0039580e+00
   1.0039584e+00
   1.0039584e+00
   1.0039586e+00
   1.0039596e+00
   1.0039596e+00
   1.0039596e+00
   1.0039601e+00
   1.0039601e+00
   1.0039601e+00
   1.0039605e+00
   1.0039608e+00
   1.0039608e+00
   1.0039608e+00
   1.0039608e+00
   1.0039608e+00
   1.0039608e+00
   1.0039611e+00
   1.0039611e+00
   1.0039611e+00
   1.0039611e+00
   1.0039614e+00
   1.0039615e+00
   1.0039618e+00
   1.0039618e+00
   1.0039618e+00
   1.0039624e+00
   1.0039632e+00
   1.0039634e+00
   1.0039635e+00
   1.0039643e+00
   1.0039643e+00
   1.0039643e+00
   1.0039643e+00
   1.0039643e+00
   1.0039643e+00
   1.0039645e+00
   1.0039647e+00
   1.0039649e+00
   1.0039652e+00
   1.0039652e+00
   1.0039652e+00
   1.0039656e+00
   1.0039656e+00
   1.0039657e+00
   1.0039657e+00
   1.0039657e+00
   1.0039661e+00
   1.0039661e+00
   1.0039667e+00
   1.0039667e+00
   1.0039667e+00
   1.0039670e+00
   1.0039672e+00
   1.0039672e+00
   1.0039672e+00
   1.0039672e+00
   1.0039672e+00
   1.0039675e+00
   1.0039677e+00
   1.0039685e+00
   1.0039688e+00
   1.0039692e+00
   1.0039692e+00
   1.0039693e+00
   1.0039699e+00
   1.0039703e+00
   1.0039704e+00
   1.0039705e+00
   1.0039706e+00
   1.0039708e+00
   1.0039708e+00
   1.0039708e+00
   1.0039708e+00
   1.0039708e+00
   1.0039711e+00
   1.0039711e+00
   1.0039713e+00
   1.0039713e+00
   1.0039713e+00
   1.0039713e+00
   1.0039713e+00
   1.0039713e+00
   1.0039713e+00
   1.0039713e+00
   1.0039713e+00
   1.0039714e+00
   1.0039714e+00
   1.0039715e+00
   1.0039716e+00
   1.0039719e+00
   1.0039721e+00
   1.0039721e+00
   1.0039721e+00
   1.0039723e+00
   1.0039724e+00
   1.0039726e+00
   1.0039726e+00
   1.0039729e+00
   1.0039729e+00
   1.0039731e+00
   1.0039737e+00
   1.0039748e+00
   1.0039756e+00
   1.0039772e+00
   1.0039796e+00
   1.0039830e+00
   1.0039875e+00
   1.0039925e+00
   1.0040048e+00
   1.0040180e+00
   1.0040308e+00
   1.0040581e+00
   1.0040917e+00
   1.0041365e+00
   1.0041894e+00
   1.0042263e+00
   1.0043634e+00
   1.0044942e+00
   1.0048275e+00
   1.0050543e+00
   1.0054802e+00
   1.0057141e+00
   1.0059741e+00
   1.0066306e+00
   1.0067815e+00
   1.0069720e+00
   1.0069720e+00
   1.0069720e+00
   1.0069720e+00
   1.0069869e+00
   1.0069869e+00
   1.0069869e+00
   1.0069869e+00
   1.0069943e+00
   1.0069943e+00
   1.0069982e+00
   1.0069982e+00
   1.0070011e+00
   1.0070021e+00
   1.0070021e+00
   1.0070021e+00
   1.0070049e+00
   1.0070049e+00
   1.0070049e+00
   1.0070049e+00
   1.0070049e+00
   1.0070051e+00
   1.0070051e+00
   1.0070051e+00
   1.0070051e+00
   1.0070051e+00
   1.0070051e+00
   1.0070051e+00
   1.0070058e+00
   1.0070058e+00
   1.0070058e+00
   1.0070058e+00
   1.0070058e+00
   1.0070058e+00
   1.0070061e+00
   1.0070064e+00
   1.0070064e+00
   1.0070065e+00
   1.0070065e+00
   1.0070066e+00
   1.0070066e+00
   1.0070066e+00
   1.0070066e+00
   1.0070069e+00
   1.0070069e+00
   1.0070071e+00
   1.0070077e+00
   1.0070077e+00
   1.0070079e+00
   1.0070079e+00
   1.0070079e+00
   1.0070079e+00
   1.0070081e+00
   1.0070081e+00
   1.0070081e+00
   1.0070083e+00
   1.0070083e+00
   1.0070084e+00
   1.0070084e+00
   1.0070084e+00
   1.0070084e+00
   1.0070085e+00
   1.0070085e+00
   1.0070085e+00
   1.0070086e+00
   1.0070086e+00
   1.0070086e+00
   1.0070086e+00
   1.0070086e+00
   1.0070086e+00
   1.0070086e+00
   1.0070087e+00
   1.0070088e+00
   1.0070089e+00
   1.0070089e+00
   1.0070090e+00
   1.0070090e+00
   1.0070091e+00
   1.0070092e+00
   1.0070093e+00
   1.0070095e+00
   1.0070095e+00
   1.0070096e+00
   1.0070096e+00
   1.0070096e+00
   1.0070096e+00
   1.0070097e+00
   1.0070097e+00
   1.0070097e+00
   1.0070098e+00
   1.0070098e+00
   1.0070099e+00
   1.0070101e+00
   1.0070101e+00
   1.0070101e+00
   1.0070101e+00
   1.0070101e+00
   1.0070101e+00
   1.0070101e+00
   1.0070101e+00
   1.0070102e+00
   1.0070102e+00
   1.0070102e+00
   1.0070104e+00
   1.0070104e+00
   1.0070107e+00
   1.0070107e+00
   1.0070107e+00
   1.0070107e+00
   1.0070107e+00
   1.0070107e+00
   1.0070107e+00
   1.0070107e+00
   1.0070107e+00
   1.0070109e+00
   1.0070109e+00
   1.0070109e+00
   1.0070109e+00
   1.0070109e+00
   1.0070110e+00
   1.0070110e+00
   1.0070110e+00
   1.0070110e+00
   1.0070110e+00
   1.0070110e+00
   1.0070111e+00
   1.0070111e+00
   1.0070111e+00
   1.0070111e+00
   1.0070111e+00
   1.0070111e+00
   1.0070112e+00
   1.0070112e+00
   1.0070114e+00
   1.0070114e+00
   1.0070115e+00
   1.0070115e+00
   1.0070115e+00
   1.0070115e+00
   1.0070115e+00
   1.0070115e+00
   1.0070115e+00
   1.0070116e+00
   1.0070116e+00
   1.0070117e+00
   1.0070118e+00
   1.0070120e+00
   1.0070122e+00
   1.0070124e+00
   1.0070126e+00
   1.0070126e+00
   1.0070126e+00
   1.0070126e+00
   1.0070127e+00
   1.0070127e+00
   1.0070127e+00
   1.0070127e+00
   1.0070127e+00
   1.0070127e+00
   1.0070127e+00
   1.0070127e+00
   1.0070127e+00
   1.0070127e+00
   1.0070128e+00
   1.0070128e+00
   1.0070128e+00
   1.0070128e+00
   1.0070129e+00
   1.0070129e+00
   1.0070129e+00
   1.0070129e+00
   1.0070129e+00
   1.0070129e+00
   1.0070129e+00
   1.0070129e+00
   1.0070129e+00
   1.0070129e+00
   1.0070129e+00
   1.0070129e+00
   1.0070129e+00
   1.0070129e+00
   1.0070129e+00
   1.0070129e+00
   1.0070130e+00
   1.0070130e+00
   1.0070130e+00
   1.0070130e+00
   1.0070130e+00
   1.0070130e+00
   1.0070130e+00
   1.0070130e+00
   1.0070130e+00
   1.0070130e+00
   1.0070130e+00
   1.0070130e+00
   1.0070130e+00
   1.0070130e+00
   1.0070130e+00
   1.0070130e+00
   1.0070130e+00
   1.0070130e+00
   1.0070130e+00
   1.0070131e+00
   1.0070131e+00
   1.0070131e+00
   1.0070131e+00
   1.0070132e+00
   1.0070132e+00
   1.0070132e+00
   1.0070133e+00
   1.0070133e+00
   1.0070133e+00
   1.0070134e+00
   1.0070135e+00
   1.0070135e+00
   1.0070136e+00
   1.0070138e+00
   1.0070140e+00
   1.0070140e+00
   1.0070141e+00
   1.0070142e+00
   1.0070145e+00
   1.0070145e+00
   1.0070150e+00
   1.0070158e+00
   1.0070161e+00
   1.0070161e+00
   1.0070161e+00
   1.0070161e+00
   1.0070162e+00
   1.0070162e+00
   1.0070162e+00
   1.0070162e+00
   1.0070162e+00
   1.0070162e+00
   1.0070162e+00
   1.0070162e+00
   1.0070162e+00
   1.0070162e+00
   1.0070162e+00
   1.0070162e+00
   1.0070162e+00
   1.0070163e+00
   1.0070163e+00
   1.0070163e+00
   1.0070163e+00
   1.0070163e+00
   1.0070163e+00
   1.0070163e+00
   1.0070163e+00
   1.0070163e+00
   1.0070163e+00
   1.0070163e+00
   1.0070163e+00
   1.0070164e+00
   1.0070164e+00
   1.0070164e+00
   1.0070164e+00
   1.0070164e+00
   1.0070164e+00
   1.0070164e+00
   1.0070164e+00
   1.0070164e+00
   1.0070164e+00
   1.0070164e+00
   1.0070164e+00
   1.0070164e+00
   1.0070164e+00
   1.0070164e+00
   1.0070164e+00
   1.0070164e+00
   1.0070164e+00
   1.0070164e+00
   1.0070164e+00
   1.0070164e+00
   1.0070164e+00
   1.0070164e+00
   1.0070164e+00
   1.0070164e+00
   1.0070164e+00
   1.0070164e+00
   1.0070164e+00
   1.0070164e+00
   1.0070164e+00
   1.0070164e+00
   1.0070164e+00
   1.0070164e+00
   1.0070165e+00
   1.0070165e+00
   1.0070164e+00
   1.0070164e+00
   1.0070164e+00
   1.0070165e+00
   1.0070165e+00
   1.0070165e+00
   1.0070165e+00
   1.0070165e+00
   1.0070166e+00
   1.0070167e+00
   1.0070167e+00
   1.0070170e+00
   1.0070170e+00
   1.0070170e+00
   1.0070170e+00
   1.0070171e+00
   1.0070171e+00
   1.0070171e+00
   1.0070171e+00
   1.0070171e+00
   1.0070171e+00
   1.0070171e+00
   1.0070171e+00
   1.0070171e+00
   1.0070171e+00
   1.0070171e+00
   1.0070171e+00
   1.0070171e+00
   1.0070171e+00
   1.0070171e+00
   1.0070171e+00
   1.0070171e+00
   1.0070171e+00
   1.0070171e+00
   1.0070171e+00
   1.0070171e+00
   1.0070171e+00
   1.0070171e+00
   1.0070171e+00
   1.0070171e+00
   1.0070171e+00
   1.0070171e+00
   1.0070171e+00
   1.0070171e+00
   1.0070171e+00
   1.0070171e+00
   1.0070171e+00
   1.0070171e+00
   1.0070171e+00
   1.0070171e+00
   1.0070171e+00
   1.0070171e+00
   1.0070171e+00
   1.0070171e+00
   1.0070171e+00
   1.0070171e+00
   1.0070171e+00
   1.0070171e+00
   1.0070171e+00
   1.0070171e+00
   1.0070171e+00
   1.0070171e+00
   1.0070171e+00
   1.0070171e+00
   1.0070171e+00
   1.0070171e+00
   1.0070171e+00
   1.0070171e+00
   1.0070171e+00
   1.0070171e+00
   1.0070172e+00
   1.0070172e+00
   1.0070171e+00
   1.0070172e+00
   1.0070172e+00
   1.0070172e+00
   1.0070172e+00
   1.0070172e+00
   1.0070172e+00
   1.0070172e+00
